state,age,vaccination,risk,year,value,value_min,value_max
new_case,All,All,All,1950,50321734,50312550,50326442
new_case,All,All,All,1951,61780,61744,61913
new_case,All,All,All,1952,87989,86928,89293
new_case,All,All,All,1953,455131,450961,466675
new_case,All,All,All,1954,1352681,1329087,1369896
new_case,All,All,All,1955,308680,289526,313945
new_case,All,All,All,1956,1106546,1099715,1129417
new_case,All,All,All,1957,578808,565996,594054
new_case,All,All,All,1958,792331,773920,824649
new_case,All,All,All,1959,924877,878106,948484
new_case,All,All,All,1960,636071,624626,702722
new_case,All,All,All,1961,1107171,1025834,1121917
new_case,All,All,All,1962,714271,700149,770380
new_case,All,All,All,1963,1079681,1043072,1087330
new_case,All,All,All,1964,788371,767396,801927
new_case,All,All,All,1965,780729,739602,794608
new_case,All,All,All,1966,810392,753769,845104
new_case,All,All,All,1967,539163,531320,596481
new_case,All,All,All,1968,559481,541486,580150
new_case,All,All,All,1969,539854,496500,567769
new_case,All,All,All,1970,497407,482105,519334
new_case,All,All,All,1971,557275,542595,586966
new_case,All,All,All,1972,562180,528255,571323
new_case,All,All,All,1973,507188,501304,516158
new_case,All,All,All,1974,515626,493082,525364
new_case,All,All,All,1975,505127,494209,516548
new_case,All,All,All,1976,492518,486340,502816
new_case,All,All,All,1977,472623,461837,491126
new_case,All,All,All,1978,489916,466803,502096
new_case,All,All,All,1979,489827,487974,495323
new_case,All,All,All,1980,180377,178198,181152
new_case,All,All,All,1981,61779,61779,61779
new_case,All,All,All,1982,105642,105642,105642
new_case,All,All,All,1983,114948,114948,114948
new_case,All,All,All,1984,67632,67632,67632
new_case,All,All,All,1985,104774,104774,104774
new_case,All,All,All,1986,90214,90214,90214
new_case,All,All,All,1987,44850,44850,44850
new_case,All,All,All,1988,88259,88259,88259
new_case,All,All,All,1989,30160,30160,30160
new_case,All,All,All,1990,28228,28228,28228
new_case,All,All,All,1991,11727,11727,11727
new_case,All,All,All,1992,12317,12317,12317
new_case,All,All,All,1993,12018,12018,12018
new_case,All,All,All,1994,23525,23525,23525
new_case,All,All,All,1995,9017,9017,9017
new_case,All,All,All,1996,6866,6866,6866
new_case,All,All,All,1997,4844,4844,4844
new_case,All,All,All,1998,74,74,74
new_case,All,All,All,1999,0,0,0
new_case,All,All,All,2000,104,104,104
new_case,All,All,All,2001,73,73,73
new_case,All,All,All,2002,314,314,314
new_case,All,All,All,2003,460,460,460
new_case,All,All,All,2004,189,189,189
new_case,All,All,All,2005,79,79,79
new_case,All,All,All,2006,764,764,764
new_case,All,All,All,2007,1022,1022,1022
new_case,All,All,All,2008,1445,1445,1445
new_case,All,All,All,2009,1212,1212,1212
new_case,All,All,All,2010,443,443,443
new_case,All,All,All,2011,1112,1112,1112
new_case,All,All,All,2012,2092,2092,2092
new_case,All,All,All,2013,1919,1919,1919
new_case,All,All,All,2014,133,133,133
new_case,All,All,All,2015,91,91,91
new_case,All,All,All,2016,558,558,558
new_case,All,All,All,2017,364,364,364
new_case,All,All,All,2018,1216,1216,1216
new_case,All,All,All,2019,1092,1092,1092
new_case,All,All,All,2020,95,95,95
new_case,All,All,All,2021,2,2,2
new_case,All,All,All,2022,63,63,63
new_case,All,All,All,2023,493,493,493
S,1,1,1,2023,447477,277119,720283
S,2,1,1,2023,66406,54967,71719
S,3,1,1,2023,69640,66548,70243
S,4,1,1,2023,69682.5,68973,70132
S,5,1,1,2023,69985.5,69005,70820
S,6,1,1,2023,71308,70731,72006
S,7,1,1,2023,73157.5,72509,73636
S,8,1,1,2023,75919.5,75574,76461
S,9,1,1,2023,80051,79048,80839
S,10,1,1,2023,86042,84277,87842
S,11,1,1,2023,93610,91422,96185
S,12,1,1,2023,102499.5,99924,106095
S,13,1,1,2023,112674,109048,116863
S,14,1,1,2023,123461,119556,127122
S,15,1,1,2023,133776,129927,137282
S,16,1,1,2023,143630,140265,146967
S,17,1,1,2023,152850.5,149248,155579
S,18,1,1,2023,160607,158093,162818
S,19,1,1,2023,166812,164401,168790
S,20,1,1,2023,172105,169536,173803
S,21,1,1,2023,176942.5,174868,177566
S,22,1,1,2023,180749.5,178922,181483
S,23,1,1,2023,183528.5,181883,184920
S,24,1,1,2023,186394,184464,188897
S,25,1,1,2023,189641.5,188362,191820
S,26,1,1,2023,193484,192347,194837
S,27,1,1,2023,197799.5,196871,198670
S,28,1,1,2023,203063,202072,203517
S,29,1,1,2023,209290.5,208069,211349
S,30,1,1,2023,216434,214722,219292
S,31,1,1,2023,224654.5,222966,228095
S,32,1,1,2023,233302.5,230713,236244
S,33,1,1,2023,243293.5,239880,245940
S,34,1,1,2023,253368.5,250023,256110
S,35,1,1,2023,262775,259632,265247
S,36,1,1,2023,271601.5,268491,274247
S,37,1,1,2023,279855.5,277556,282808
S,38,1,1,2023,286668,284297,289624
S,39,1,1,2023,293165,290444,294892
S,40,1,1,2023,298118.5,296153,299919
S,41,1,1,2023,301670,299507,303669
S,42,1,1,2023,303064,301244,305800
S,43,1,1,2023,302565,300277,306594
S,44,1,1,2023,300841,297164,304189
S,45,1,1,2023,296259.5,291830,300802
S,46,1,1,2023,289990,283912,294949
S,47,1,1,2023,281522,275120,287182
S,48,1,1,2023,271729.5,264954,277560
S,49,1,1,2023,260463,253051,267286
S,50,1,1,2023,247958,240403,256376
S,51,1,1,2023,234896.5,226825,242619
S,52,1,1,2023,220734.5,212512,228880
S,53,1,1,2023,206400,198269,214463
S,54,1,1,2023,192430.5,184334,200112
S,55,1,1,2023,177998.5,169766,186075
S,56,1,1,2023,164001,155952,171890
S,57,1,1,2023,149846,141936,157922
S,58,1,1,2023,136142.5,128802,143637
S,59,1,1,2023,123286.5,116335,130523
S,60,1,1,2023,110891.5,104701,117944
S,61,1,1,2023,99332.5,93245,105527
S,62,1,1,2023,88057,82027,94007
S,63,1,1,2023,77766,72226,83265
S,64,1,1,2023,67883,62796,73162
S,65,1,1,2023,59123.5,54267,64095
S,66,1,1,2023,51024,46486,55500
S,67,1,1,2023,43720.5,39545,47639
S,68,1,1,2023,37050.5,33554,40759
S,69,1,1,2023,31074.5,27863,34453
S,70,1,1,2023,25975.5,23247,28935
S,71,1,1,2023,21584,19153,23958
S,72,1,1,2023,17633.5,15786,19791
S,73,1,1,2023,14407,12689,16479
S,74,1,1,2023,11689.5,10153,13299
S,75,1,1,2023,9408,8019,10870
S,76,1,1,2023,7450,6281,8677
S,77,1,1,2023,5899,5033,7022
S,78,1,1,2023,4697.5,3998,5546
S,79,1,1,2023,3677,3120,4337
S,80,1,1,2023,2835.5,2372,3356
S,81,1,1,2023,2169.5,1802,2594
S,82,1,1,2023,1670,1404,1962
S,83,1,1,2023,1265.5,1022,1501
S,84,1,1,2023,940.5,785,1162
S,85,1,1,2023,694,550,847
S,86,1,1,2023,507,380,633
S,87,1,1,2023,358.5,266,487
S,88,1,1,2023,251,205,346
S,89,1,1,2023,168,110,227
S,90,1,1,2023,110.5,67,161
S,91,1,1,2023,70.5,42,96
S,92,1,1,2023,49,33,70
S,93,1,1,2023,38,23,51
S,94,1,1,2023,25,10,42
S,95,1,1,2023,9,4,27
S,96,1,1,2023,4,0,14
S,97,1,1,2023,2,0,12
S,98,1,1,2023,1,0,5
S,99,1,1,2023,0,0,2
S,100,1,1,2023,0,0,4
S,101,1,1,2023,0,0,3
S,1,2,1,2023,0,0,0
S,2,2,1,2023,24897,23117,25749
S,3,2,1,2023,50486.5,49171,51343
S,4,2,1,2023,75761,74114,76987
S,5,2,1,2023,100722.5,99350,102061
S,6,2,1,2023,125111,123514,127162
S,7,2,1,2023,149163.5,147127,151209
S,8,2,1,2023,172428.5,170350,173767
S,9,2,1,2023,193929.5,192138,195880
S,10,2,1,2023,213785.5,212588,215427
S,11,2,1,2023,231474.5,229484,232465
S,12,2,1,2023,247566.5,245313,248412
S,13,2,1,2023,261250.5,259556,262993
S,14,2,1,2023,273126.5,271233,274675
S,15,2,1,2023,284180,281913,285165
S,16,2,1,2023,293484,291607,295362
S,17,2,1,2023,302514,300385,304523
S,18,2,1,2023,311448,309644,313185
S,19,2,1,2023,320114.5,317579,321141
S,20,2,1,2023,329873.5,328149,331547
S,21,2,1,2023,339166.5,336795,340884
S,22,2,1,2023,350034,347202,351487
S,23,2,1,2023,361043.5,358200,363334
S,24,2,1,2023,372470.5,369068,375143
S,25,2,1,2023,384635.5,381888,388953
S,26,2,1,2023,396649,392911,400290
S,27,2,1,2023,407712,404236,410731
S,28,2,1,2023,417342,413870,420912
S,29,2,1,2023,425892.5,422496,428984
S,30,2,1,2023,432549.5,430614,434466
S,31,2,1,2023,436769,434978,438310
S,32,2,1,2023,438701,437345,440840
S,33,2,1,2023,438782.5,436104,441031
S,34,2,1,2023,436218.5,431378,439622
S,35,2,1,2023,430441,426153,436215
S,36,2,1,2023,423568.5,418225,429830
S,37,2,1,2023,414419,407647,420719
S,38,2,1,2023,402762,395378,409865
S,39,2,1,2023,388890,381074,396449
S,40,2,1,2023,374028.5,365478,382334
S,41,2,1,2023,359270.5,349945,367176
S,42,2,1,2023,343329.5,333482,352420
S,43,2,1,2023,326132,317648,335845
S,44,2,1,2023,309641,300290,318325
S,45,2,1,2023,293256,284293,302812
S,46,2,1,2023,277002.5,269390,285048
S,47,2,1,2023,262279.5,255209,269440
S,48,2,1,2023,248598.5,242015,255252
S,49,2,1,2023,235002,228615,241521
S,50,2,1,2023,222214.5,215845,228877
S,51,2,1,2023,209958,203912,216345
S,52,2,1,2023,198401.5,192382,204517
S,53,2,1,2023,186883,180655,192725
S,54,2,1,2023,175096,169218,180736
S,55,2,1,2023,163508,157546,168611
S,56,2,1,2023,152308.5,147002,157639
S,57,2,1,2023,141176,136041,146213
S,58,2,1,2023,130022.5,125120,135264
S,59,2,1,2023,119522,114327,124780
S,60,2,1,2023,108865.5,103255,113809
S,61,2,1,2023,98532.5,92998,103413
S,62,2,1,2023,88596.5,83640,93589
S,63,2,1,2023,78656.5,73641,83591
S,64,2,1,2023,69741.5,65249,74241
S,65,2,1,2023,61670,57891,65766
S,66,2,1,2023,54238,50662,57850
S,67,2,1,2023,47179,44161,50717
S,68,2,1,2023,41226.5,38376,44265
S,69,2,1,2023,35885,33171,38511
S,70,2,1,2023,30912,28375,33572
S,71,2,1,2023,26475.5,24354,28797
S,72,2,1,2023,22876.5,20933,24727
S,73,2,1,2023,19399.5,17707,21277
S,74,2,1,2023,16444.5,15047,17983
S,75,2,1,2023,13989,12759,15480
S,76,2,1,2023,11833.5,10723,13054
S,77,2,1,2023,9856,8962,10917
S,78,2,1,2023,8212.5,7321,9118
S,79,2,1,2023,6822,6109,7620
S,80,2,1,2023,5631,4970,6297
S,81,2,1,2023,4592,4062,5149
S,82,2,1,2023,3701.5,3204,4329
S,83,2,1,2023,2967.5,2543,3383
S,84,2,1,2023,2312,1971,2701
S,85,2,1,2023,1830.5,1496,2147
S,86,2,1,2023,1391.5,1108,1675
S,87,2,1,2023,1047,852,1306
S,88,2,1,2023,760.5,585,952
S,89,2,1,2023,543.5,409,713
S,90,2,1,2023,381,282,533
S,91,2,1,2023,265,215,429
S,92,2,1,2023,200,146,339
S,93,2,1,2023,136,100,242
S,94,2,1,2023,87,67,168
S,95,2,1,2023,56,39,91
S,96,2,1,2023,36,16,57
S,97,2,1,2023,25,10,39
S,98,2,1,2023,14,3,24
S,99,2,1,2023,8,1,15
S,100,2,1,2023,2,0,10
S,101,2,1,2023,2,0,6
S,1,3,1,2023,0,0,0
S,2,3,1,2023,576975.5,469023,632886
S,3,3,1,2023,608739.5,567036,623100
S,4,3,1,2023,605079,590131,613646
S,5,3,1,2023,597626.5,588586,605474
S,6,3,1,2023,588742.5,581714,596588
S,7,3,1,2023,579351.5,572551,585813
S,8,3,1,2023,567062,561760,572594
S,9,3,1,2023,553580,548877,558125
S,10,3,1,2023,537361,533457,541301
S,11,3,1,2023,519208,516975,522328
S,12,3,1,2023,500000.5,498583,501958
S,13,3,1,2023,479696.5,477239,481973
S,14,3,1,2023,457170,454192,460260
S,15,3,1,2023,435371.5,430977,439536
S,16,3,1,2023,413493,410191,416003
S,17,3,1,2023,393840.5,390547,395984
S,18,3,1,2023,374314,372197,377737
S,19,3,1,2023,357434,354847,360849
S,20,3,1,2023,342143,340909,345208
S,21,3,1,2023,329141,328008,331773
S,22,3,1,2023,317723.5,316122,319251
S,23,3,1,2023,307981,305852,309771
S,24,3,1,2023,298923,297023,301491
S,25,3,1,2023,291003,288484,294070
S,26,3,1,2023,283673.5,280287,286784
S,27,3,1,2023,277155.5,273612,280629
S,28,3,1,2023,270113.5,267455,273044
S,29,3,1,2023,263064.5,261148,265188
S,30,3,1,2023,255829.5,253495,258216
S,31,3,1,2023,248062.5,246306,249617
S,32,3,1,2023,240524.5,238712,241477
S,33,3,1,2023,231454.5,229818,232398
S,34,3,1,2023,222093,221022,223315
S,35,3,1,2023,212109.5,210862,214494
S,36,3,1,2023,202071.5,199908,204032
S,37,3,1,2023,191236,188678,193725
S,38,3,1,2023,180358,176994,183078
S,39,3,1,2023,169061,166316,171826
S,40,3,1,2023,158161,154808,161018
S,41,3,1,2023,146841,143324,150142
S,42,3,1,2023,135694.5,132491,139343
S,43,3,1,2023,124870,121822,128476
S,44,3,1,2023,114809,111266,117871
S,45,3,1,2023,104542,101184,107913
S,46,3,1,2023,95214.5,91715,98507
S,47,3,1,2023,86414,83354,89883
S,48,3,1,2023,78288,75765,81162
S,49,3,1,2023,71046.5,68880,73183
S,50,3,1,2023,64412,62337,66271
S,51,3,1,2023,58610.5,56763,60446
S,52,3,1,2023,53204,51634,54800
S,53,3,1,2023,48347.5,46651,49822
S,54,3,1,2023,43848,42306,45392
S,55,3,1,2023,39613,38130,41398
S,56,3,1,2023,35796.5,34406,37451
S,57,3,1,2023,32039,30811,33448
S,58,3,1,2023,28832,27516,30170
S,59,3,1,2023,25860.5,24709,27051
S,60,3,1,2023,23014.5,22000,24121
S,61,3,1,2023,20387.5,19303,21302
S,62,3,1,2023,17855,16780,18766
S,63,3,1,2023,15495,14515,16511
S,64,3,1,2023,13459.5,12660,14420
S,65,3,1,2023,11547,10715,12377
S,66,3,1,2023,9890,9041,10634
S,67,3,1,2023,8471.5,7700,9316
S,68,3,1,2023,7139.5,6525,7777
S,69,3,1,2023,6042,5424,6545
S,70,3,1,2023,5149,4659,5594
S,71,3,1,2023,4327.5,3948,4675
S,72,3,1,2023,3636,3295,4016
S,73,3,1,2023,3045,2728,3375
S,74,3,1,2023,2551,2293,2888
S,75,3,1,2023,2099.5,1854,2346
S,76,3,1,2023,1759.5,1515,1933
S,77,3,1,2023,1437,1204,1669
S,78,3,1,2023,1160.5,973,1374
S,79,3,1,2023,971,769,1112
S,80,3,1,2023,799,592,901
S,81,3,1,2023,626.5,493,714
S,82,3,1,2023,485,409,586
S,83,3,1,2023,387,295,440
S,84,3,1,2023,286,252,338
S,85,3,1,2023,223,178,287
S,86,3,1,2023,176.5,128,230
S,87,3,1,2023,127,96,171
S,88,3,1,2023,97,74,132
S,89,3,1,2023,71,49,92
S,90,3,1,2023,51,23,70
S,91,3,1,2023,37,17,51
S,92,3,1,2023,29,17,38
S,93,3,1,2023,21,4,26
S,94,3,1,2023,14,2,25
S,95,3,1,2023,11,2,18
S,96,3,1,2023,4,0,11
S,97,3,1,2023,2,0,7
S,98,3,1,2023,2,0,6
S,99,3,1,2023,0,0,7
S,100,3,1,2023,0,0,1
S,101,3,1,2023,0,0,1
E,1,1,1,2023,0,0,0
E,2,1,1,2023,0,0,0
E,3,1,1,2023,0,0,0
E,4,1,1,2023,0,0,0
E,5,1,1,2023,0,0,0
E,6,1,1,2023,0,0,0
E,7,1,1,2023,0,0,0
E,8,1,1,2023,0,0,0
E,9,1,1,2023,0,0,0
E,10,1,1,2023,0,0,0
E,11,1,1,2023,0,0,0
E,12,1,1,2023,0,0,0
E,13,1,1,2023,0,0,0
E,14,1,1,2023,0,0,0
E,15,1,1,2023,0,0,0
E,16,1,1,2023,0,0,0
E,17,1,1,2023,0,0,0
E,18,1,1,2023,0,0,0
E,19,1,1,2023,0,0,0
E,20,1,1,2023,0,0,0
E,21,1,1,2023,0,0,0
E,22,1,1,2023,0,0,0
E,23,1,1,2023,0,0,0
E,24,1,1,2023,0,0,0
E,25,1,1,2023,0,0,0
E,26,1,1,2023,0,0,0
E,27,1,1,2023,0,0,0
E,28,1,1,2023,0,0,0
E,29,1,1,2023,0,0,0
E,30,1,1,2023,0,0,0
E,31,1,1,2023,0,0,0
E,32,1,1,2023,0,0,0
E,33,1,1,2023,0,0,0
E,34,1,1,2023,0,0,0
E,35,1,1,2023,0,0,0
E,36,1,1,2023,0,0,0
E,37,1,1,2023,0,0,0
E,38,1,1,2023,0,0,0
E,39,1,1,2023,0,0,0
E,40,1,1,2023,0,0,0
E,41,1,1,2023,0,0,0
E,42,1,1,2023,0,0,0
E,43,1,1,2023,0,0,0
E,44,1,1,2023,0,0,0
E,45,1,1,2023,0,0,0
E,46,1,1,2023,0,0,0
E,47,1,1,2023,0,0,0
E,48,1,1,2023,0,0,0
E,49,1,1,2023,0,0,0
E,50,1,1,2023,0,0,0
E,51,1,1,2023,0,0,0
E,52,1,1,2023,0,0,0
E,53,1,1,2023,0,0,0
E,54,1,1,2023,0,0,0
E,55,1,1,2023,0,0,0
E,56,1,1,2023,0,0,0
E,57,1,1,2023,0,0,0
E,58,1,1,2023,0,0,0
E,59,1,1,2023,0,0,0
E,60,1,1,2023,0,0,0
E,61,1,1,2023,0,0,0
E,62,1,1,2023,0,0,0
E,63,1,1,2023,0,0,0
E,64,1,1,2023,0,0,0
E,65,1,1,2023,0,0,0
E,66,1,1,2023,0,0,0
E,67,1,1,2023,0,0,0
E,68,1,1,2023,0,0,0
E,69,1,1,2023,0,0,0
E,70,1,1,2023,0,0,0
E,71,1,1,2023,0,0,0
E,72,1,1,2023,0,0,0
E,73,1,1,2023,0,0,0
E,74,1,1,2023,0,0,0
E,75,1,1,2023,0,0,0
E,76,1,1,2023,0,0,0
E,77,1,1,2023,0,0,0
E,78,1,1,2023,0,0,0
E,79,1,1,2023,0,0,0
E,80,1,1,2023,0,0,0
E,81,1,1,2023,0,0,0
E,82,1,1,2023,0,0,0
E,83,1,1,2023,0,0,0
E,84,1,1,2023,0,0,0
E,85,1,1,2023,0,0,0
E,86,1,1,2023,0,0,0
E,87,1,1,2023,0,0,0
E,88,1,1,2023,0,0,0
E,89,1,1,2023,0,0,0
E,90,1,1,2023,0,0,0
E,91,1,1,2023,0,0,0
E,92,1,1,2023,0,0,0
E,93,1,1,2023,0,0,0
E,94,1,1,2023,0,0,0
E,95,1,1,2023,0,0,0
E,96,1,1,2023,0,0,0
E,97,1,1,2023,0,0,0
E,98,1,1,2023,0,0,0
E,99,1,1,2023,0,0,0
E,100,1,1,2023,0,0,0
E,101,1,1,2023,0,0,0
E,1,2,1,2023,0,0,0
E,2,2,1,2023,0,0,0
E,3,2,1,2023,0,0,0
E,4,2,1,2023,0,0,0
E,5,2,1,2023,0,0,0
E,6,2,1,2023,0,0,0
E,7,2,1,2023,0,0,0
E,8,2,1,2023,0,0,0
E,9,2,1,2023,0,0,0
E,10,2,1,2023,0,0,0
E,11,2,1,2023,0,0,0
E,12,2,1,2023,0,0,0
E,13,2,1,2023,0,0,0
E,14,2,1,2023,0,0,0
E,15,2,1,2023,0,0,0
E,16,2,1,2023,0,0,0
E,17,2,1,2023,0,0,0
E,18,2,1,2023,0,0,0
E,19,2,1,2023,0,0,0
E,20,2,1,2023,0,0,0
E,21,2,1,2023,0,0,0
E,22,2,1,2023,0,0,0
E,23,2,1,2023,0,0,0
E,24,2,1,2023,0,0,0
E,25,2,1,2023,0,0,0
E,26,2,1,2023,0,0,0
E,27,2,1,2023,0,0,0
E,28,2,1,2023,0,0,0
E,29,2,1,2023,0,0,0
E,30,2,1,2023,0,0,0
E,31,2,1,2023,0,0,0
E,32,2,1,2023,0,0,0
E,33,2,1,2023,0,0,0
E,34,2,1,2023,0,0,0
E,35,2,1,2023,0,0,0
E,36,2,1,2023,0,0,0
E,37,2,1,2023,0,0,0
E,38,2,1,2023,0,0,0
E,39,2,1,2023,0,0,0
E,40,2,1,2023,0,0,0
E,41,2,1,2023,0,0,0
E,42,2,1,2023,0,0,0
E,43,2,1,2023,0,0,0
E,44,2,1,2023,0,0,0
E,45,2,1,2023,0,0,0
E,46,2,1,2023,0,0,0
E,47,2,1,2023,0,0,0
E,48,2,1,2023,0,0,0
E,49,2,1,2023,0,0,0
E,50,2,1,2023,0,0,0
E,51,2,1,2023,0,0,0
E,52,2,1,2023,0,0,0
E,53,2,1,2023,0,0,0
E,54,2,1,2023,0,0,0
E,55,2,1,2023,0,0,0
E,56,2,1,2023,0,0,0
E,57,2,1,2023,0,0,0
E,58,2,1,2023,0,0,0
E,59,2,1,2023,0,0,0
E,60,2,1,2023,0,0,0
E,61,2,1,2023,0,0,0
E,62,2,1,2023,0,0,0
E,63,2,1,2023,0,0,0
E,64,2,1,2023,0,0,0
E,65,2,1,2023,0,0,0
E,66,2,1,2023,0,0,0
E,67,2,1,2023,0,0,0
E,68,2,1,2023,0,0,0
E,69,2,1,2023,0,0,0
E,70,2,1,2023,0,0,0
E,71,2,1,2023,0,0,0
E,72,2,1,2023,0,0,0
E,73,2,1,2023,0,0,0
E,74,2,1,2023,0,0,0
E,75,2,1,2023,0,0,0
E,76,2,1,2023,0,0,0
E,77,2,1,2023,0,0,0
E,78,2,1,2023,0,0,0
E,79,2,1,2023,0,0,0
E,80,2,1,2023,0,0,0
E,81,2,1,2023,0,0,0
E,82,2,1,2023,0,0,0
E,83,2,1,2023,0,0,0
E,84,2,1,2023,0,0,0
E,85,2,1,2023,0,0,0
E,86,2,1,2023,0,0,0
E,87,2,1,2023,0,0,0
E,88,2,1,2023,0,0,0
E,89,2,1,2023,0,0,0
E,90,2,1,2023,0,0,0
E,91,2,1,2023,0,0,0
E,92,2,1,2023,0,0,0
E,93,2,1,2023,0,0,0
E,94,2,1,2023,0,0,0
E,95,2,1,2023,0,0,0
E,96,2,1,2023,0,0,0
E,97,2,1,2023,0,0,0
E,98,2,1,2023,0,0,0
E,99,2,1,2023,0,0,0
E,100,2,1,2023,0,0,0
E,101,2,1,2023,0,0,0
E,1,3,1,2023,0,0,0
E,2,3,1,2023,0,0,0
E,3,3,1,2023,0,0,0
E,4,3,1,2023,0,0,0
E,5,3,1,2023,0,0,0
E,6,3,1,2023,0,0,0
E,7,3,1,2023,0,0,0
E,8,3,1,2023,0,0,0
E,9,3,1,2023,0,0,0
E,10,3,1,2023,0,0,0
E,11,3,1,2023,0,0,0
E,12,3,1,2023,0,0,0
E,13,3,1,2023,0,0,0
E,14,3,1,2023,0,0,0
E,15,3,1,2023,0,0,0
E,16,3,1,2023,0,0,0
E,17,3,1,2023,0,0,0
E,18,3,1,2023,0,0,0
E,19,3,1,2023,0,0,0
E,20,3,1,2023,0,0,0
E,21,3,1,2023,0,0,0
E,22,3,1,2023,0,0,0
E,23,3,1,2023,0,0,0
E,24,3,1,2023,0,0,0
E,25,3,1,2023,0,0,0
E,26,3,1,2023,0,0,0
E,27,3,1,2023,0,0,0
E,28,3,1,2023,0,0,0
E,29,3,1,2023,0,0,0
E,30,3,1,2023,0,0,0
E,31,3,1,2023,0,0,0
E,32,3,1,2023,0,0,0
E,33,3,1,2023,0,0,0
E,34,3,1,2023,0,0,0
E,35,3,1,2023,0,0,0
E,36,3,1,2023,0,0,0
E,37,3,1,2023,0,0,0
E,38,3,1,2023,0,0,0
E,39,3,1,2023,0,0,0
E,40,3,1,2023,0,0,0
E,41,3,1,2023,0,0,0
E,42,3,1,2023,0,0,0
E,43,3,1,2023,0,0,0
E,44,3,1,2023,0,0,0
E,45,3,1,2023,0,0,0
E,46,3,1,2023,0,0,0
E,47,3,1,2023,0,0,0
E,48,3,1,2023,0,0,0
E,49,3,1,2023,0,0,0
E,50,3,1,2023,0,0,0
E,51,3,1,2023,0,0,0
E,52,3,1,2023,0,0,0
E,53,3,1,2023,0,0,0
E,54,3,1,2023,0,0,0
E,55,3,1,2023,0,0,0
E,56,3,1,2023,0,0,0
E,57,3,1,2023,0,0,0
E,58,3,1,2023,0,0,0
E,59,3,1,2023,0,0,0
E,60,3,1,2023,0,0,0
E,61,3,1,2023,0,0,0
E,62,3,1,2023,0,0,0
E,63,3,1,2023,0,0,0
E,64,3,1,2023,0,0,0
E,65,3,1,2023,0,0,0
E,66,3,1,2023,0,0,0
E,67,3,1,2023,0,0,0
E,68,3,1,2023,0,0,0
E,69,3,1,2023,0,0,0
E,70,3,1,2023,0,0,0
E,71,3,1,2023,0,0,0
E,72,3,1,2023,0,0,0
E,73,3,1,2023,0,0,0
E,74,3,1,2023,0,0,0
E,75,3,1,2023,0,0,0
E,76,3,1,2023,0,0,0
E,77,3,1,2023,0,0,0
E,78,3,1,2023,0,0,0
E,79,3,1,2023,0,0,0
E,80,3,1,2023,0,0,0
E,81,3,1,2023,0,0,0
E,82,3,1,2023,0,0,0
E,83,3,1,2023,0,0,0
E,84,3,1,2023,0,0,0
E,85,3,1,2023,0,0,0
E,86,3,1,2023,0,0,0
E,87,3,1,2023,0,0,0
E,88,3,1,2023,0,0,0
E,89,3,1,2023,0,0,0
E,90,3,1,2023,0,0,0
E,91,3,1,2023,0,0,0
E,92,3,1,2023,0,0,0
E,93,3,1,2023,0,0,0
E,94,3,1,2023,0,0,0
E,95,3,1,2023,0,0,0
E,96,3,1,2023,0,0,0
E,97,3,1,2023,0,0,0
E,98,3,1,2023,0,0,0
E,99,3,1,2023,0,0,0
E,100,3,1,2023,0,0,0
E,101,3,1,2023,0,0,0
I,1,1,1,2023,0,0,1
I,2,1,1,2023,0,0,0
I,3,1,1,2023,0,0,0
I,4,1,1,2023,0,0,2
I,5,1,1,2023,0,0,1
I,6,1,1,2023,0,0,1
I,7,1,1,2023,0,0,1
I,8,1,1,2023,0,0,1
I,9,1,1,2023,0,0,1
I,10,1,1,2023,0,0,0
I,11,1,1,2023,0,0,2
I,12,1,1,2023,0,0,2
I,13,1,1,2023,0,0,2
I,14,1,1,2023,0,0,3
I,15,1,1,2023,0,0,2
I,16,1,1,2023,0,0,1
I,17,1,1,2023,0,0,0
I,18,1,1,2023,0,0,1
I,19,1,1,2023,0,0,3
I,20,1,1,2023,0,0,0
I,21,1,1,2023,0,0,1
I,22,1,1,2023,0,0,0
I,23,1,1,2023,0,0,1
I,24,1,1,2023,0,0,0
I,25,1,1,2023,0,0,1
I,26,1,1,2023,0,0,2
I,27,1,1,2023,0,0,2
I,28,1,1,2023,0,0,0
I,29,1,1,2023,0,0,1
I,30,1,1,2023,0,0,1
I,31,1,1,2023,0,0,0
I,32,1,1,2023,0,0,0
I,33,1,1,2023,0,0,0
I,34,1,1,2023,0,0,1
I,35,1,1,2023,0,0,1
I,36,1,1,2023,0,0,2
I,37,1,1,2023,0,0,1
I,38,1,1,2023,0,0,1
I,39,1,1,2023,0,0,1
I,40,1,1,2023,0,0,1
I,41,1,1,2023,0,0,1
I,42,1,1,2023,0,0,1
I,43,1,1,2023,0,0,1
I,44,1,1,2023,0,0,1
I,45,1,1,2023,0,0,4
I,46,1,1,2023,0,0,1
I,47,1,1,2023,0,0,0
I,48,1,1,2023,0,0,1
I,49,1,1,2023,0,0,1
I,50,1,1,2023,0,0,2
I,51,1,1,2023,0,0,2
I,52,1,1,2023,0,0,1
I,53,1,1,2023,0,0,2
I,54,1,1,2023,0,0,1
I,55,1,1,2023,0,0,1
I,56,1,1,2023,0,0,2
I,57,1,1,2023,0,0,1
I,58,1,1,2023,0,0,2
I,59,1,1,2023,0,0,3
I,60,1,1,2023,0,0,2
I,61,1,1,2023,0,0,1
I,62,1,1,2023,0,0,1
I,63,1,1,2023,0,0,2
I,64,1,1,2023,0,0,0
I,65,1,1,2023,0,0,1
I,66,1,1,2023,0,0,1
I,67,1,1,2023,0,0,0
I,68,1,1,2023,0,0,1
I,69,1,1,2023,0,0,1
I,70,1,1,2023,0,0,1
I,71,1,1,2023,0,0,0
I,72,1,1,2023,0,0,1
I,73,1,1,2023,0,0,1
I,74,1,1,2023,0,0,0
I,75,1,1,2023,0,0,2
I,76,1,1,2023,0,0,2
I,77,1,1,2023,0,0,1
I,78,1,1,2023,0,0,0
I,79,1,1,2023,0,0,0
I,80,1,1,2023,0,0,1
I,81,1,1,2023,0,0,1
I,82,1,1,2023,0,0,1
I,83,1,1,2023,0,0,1
I,84,1,1,2023,0,0,1
I,85,1,1,2023,0,0,0
I,86,1,1,2023,0,0,0
I,87,1,1,2023,0,0,0
I,88,1,1,2023,0,0,0
I,89,1,1,2023,0,0,0
I,90,1,1,2023,0,0,1
I,91,1,1,2023,0,0,1
I,92,1,1,2023,0,0,0
I,93,1,1,2023,0,0,0
I,94,1,1,2023,0,0,0
I,95,1,1,2023,0,0,0
I,96,1,1,2023,0,0,0
I,97,1,1,2023,0,0,0
I,98,1,1,2023,0,0,0
I,99,1,1,2023,0,0,0
I,100,1,1,2023,0,0,0
I,101,1,1,2023,0,0,0
I,1,2,1,2023,0,0,0
I,2,2,1,2023,0,0,0
I,3,2,1,2023,0,0,0
I,4,2,1,2023,0,0,0
I,5,2,1,2023,0,0,0
I,6,2,1,2023,0,0,0
I,7,2,1,2023,0,0,0
I,8,2,1,2023,0,0,0
I,9,2,1,2023,0,0,0
I,10,2,1,2023,0,0,0
I,11,2,1,2023,0,0,0
I,12,2,1,2023,0,0,0
I,13,2,1,2023,0,0,0
I,14,2,1,2023,0,0,0
I,15,2,1,2023,0,0,0
I,16,2,1,2023,0,0,0
I,17,2,1,2023,0,0,0
I,18,2,1,2023,0,0,0
I,19,2,1,2023,0,0,0
I,20,2,1,2023,0,0,0
I,21,2,1,2023,0,0,0
I,22,2,1,2023,0,0,0
I,23,2,1,2023,0,0,0
I,24,2,1,2023,0,0,0
I,25,2,1,2023,0,0,0
I,26,2,1,2023,0,0,0
I,27,2,1,2023,0,0,0
I,28,2,1,2023,0,0,0
I,29,2,1,2023,0,0,0
I,30,2,1,2023,0,0,0
I,31,2,1,2023,0,0,0
I,32,2,1,2023,0,0,0
I,33,2,1,2023,0,0,0
I,34,2,1,2023,0,0,0
I,35,2,1,2023,0,0,0
I,36,2,1,2023,0,0,0
I,37,2,1,2023,0,0,0
I,38,2,1,2023,0,0,0
I,39,2,1,2023,0,0,0
I,40,2,1,2023,0,0,0
I,41,2,1,2023,0,0,0
I,42,2,1,2023,0,0,0
I,43,2,1,2023,0,0,0
I,44,2,1,2023,0,0,0
I,45,2,1,2023,0,0,0
I,46,2,1,2023,0,0,0
I,47,2,1,2023,0,0,0
I,48,2,1,2023,0,0,0
I,49,2,1,2023,0,0,0
I,50,2,1,2023,0,0,0
I,51,2,1,2023,0,0,0
I,52,2,1,2023,0,0,0
I,53,2,1,2023,0,0,0
I,54,2,1,2023,0,0,0
I,55,2,1,2023,0,0,0
I,56,2,1,2023,0,0,0
I,57,2,1,2023,0,0,0
I,58,2,1,2023,0,0,0
I,59,2,1,2023,0,0,0
I,60,2,1,2023,0,0,0
I,61,2,1,2023,0,0,0
I,62,2,1,2023,0,0,0
I,63,2,1,2023,0,0,0
I,64,2,1,2023,0,0,0
I,65,2,1,2023,0,0,0
I,66,2,1,2023,0,0,0
I,67,2,1,2023,0,0,0
I,68,2,1,2023,0,0,0
I,69,2,1,2023,0,0,0
I,70,2,1,2023,0,0,0
I,71,2,1,2023,0,0,0
I,72,2,1,2023,0,0,0
I,73,2,1,2023,0,0,0
I,74,2,1,2023,0,0,0
I,75,2,1,2023,0,0,0
I,76,2,1,2023,0,0,0
I,77,2,1,2023,0,0,0
I,78,2,1,2023,0,0,0
I,79,2,1,2023,0,0,0
I,80,2,1,2023,0,0,0
I,81,2,1,2023,0,0,0
I,82,2,1,2023,0,0,0
I,83,2,1,2023,0,0,0
I,84,2,1,2023,0,0,0
I,85,2,1,2023,0,0,0
I,86,2,1,2023,0,0,0
I,87,2,1,2023,0,0,0
I,88,2,1,2023,0,0,0
I,89,2,1,2023,0,0,0
I,90,2,1,2023,0,0,0
I,91,2,1,2023,0,0,0
I,92,2,1,2023,0,0,0
I,93,2,1,2023,0,0,0
I,94,2,1,2023,0,0,0
I,95,2,1,2023,0,0,0
I,96,2,1,2023,0,0,0
I,97,2,1,2023,0,0,0
I,98,2,1,2023,0,0,0
I,99,2,1,2023,0,0,0
I,100,2,1,2023,0,0,0
I,101,2,1,2023,0,0,0
I,1,3,1,2023,0,0,0
I,2,3,1,2023,0,0,0
I,3,3,1,2023,0,0,0
I,4,3,1,2023,0,0,0
I,5,3,1,2023,0,0,0
I,6,3,1,2023,0,0,0
I,7,3,1,2023,0,0,0
I,8,3,1,2023,0,0,0
I,9,3,1,2023,0,0,0
I,10,3,1,2023,0,0,0
I,11,3,1,2023,0,0,0
I,12,3,1,2023,0,0,0
I,13,3,1,2023,0,0,0
I,14,3,1,2023,0,0,0
I,15,3,1,2023,0,0,0
I,16,3,1,2023,0,0,0
I,17,3,1,2023,0,0,0
I,18,3,1,2023,0,0,0
I,19,3,1,2023,0,0,0
I,20,3,1,2023,0,0,0
I,21,3,1,2023,0,0,0
I,22,3,1,2023,0,0,0
I,23,3,1,2023,0,0,0
I,24,3,1,2023,0,0,0
I,25,3,1,2023,0,0,0
I,26,3,1,2023,0,0,0
I,27,3,1,2023,0,0,0
I,28,3,1,2023,0,0,0
I,29,3,1,2023,0,0,0
I,30,3,1,2023,0,0,0
I,31,3,1,2023,0,0,0
I,32,3,1,2023,0,0,0
I,33,3,1,2023,0,0,0
I,34,3,1,2023,0,0,0
I,35,3,1,2023,0,0,0
I,36,3,1,2023,0,0,0
I,37,3,1,2023,0,0,0
I,38,3,1,2023,0,0,0
I,39,3,1,2023,0,0,0
I,40,3,1,2023,0,0,0
I,41,3,1,2023,0,0,0
I,42,3,1,2023,0,0,0
I,43,3,1,2023,0,0,0
I,44,3,1,2023,0,0,0
I,45,3,1,2023,0,0,0
I,46,3,1,2023,0,0,0
I,47,3,1,2023,0,0,0
I,48,3,1,2023,0,0,0
I,49,3,1,2023,0,0,0
I,50,3,1,2023,0,0,0
I,51,3,1,2023,0,0,0
I,52,3,1,2023,0,0,0
I,53,3,1,2023,0,0,0
I,54,3,1,2023,0,0,0
I,55,3,1,2023,0,0,0
I,56,3,1,2023,0,0,0
I,57,3,1,2023,0,0,0
I,58,3,1,2023,0,0,0
I,59,3,1,2023,0,0,0
I,60,3,1,2023,0,0,0
I,61,3,1,2023,0,0,0
I,62,3,1,2023,0,0,0
I,63,3,1,2023,0,0,0
I,64,3,1,2023,0,0,0
I,65,3,1,2023,0,0,0
I,66,3,1,2023,0,0,0
I,67,3,1,2023,0,0,0
I,68,3,1,2023,0,0,0
I,69,3,1,2023,0,0,0
I,70,3,1,2023,0,0,0
I,71,3,1,2023,0,0,0
I,72,3,1,2023,0,0,0
I,73,3,1,2023,0,0,0
I,74,3,1,2023,0,0,0
I,75,3,1,2023,0,0,0
I,76,3,1,2023,0,0,0
I,77,3,1,2023,0,0,0
I,78,3,1,2023,0,0,0
I,79,3,1,2023,0,0,0
I,80,3,1,2023,0,0,0
I,81,3,1,2023,0,0,0
I,82,3,1,2023,0,0,0
I,83,3,1,2023,0,0,0
I,84,3,1,2023,0,0,0
I,85,3,1,2023,0,0,0
I,86,3,1,2023,0,0,0
I,87,3,1,2023,0,0,0
I,88,3,1,2023,0,0,0
I,89,3,1,2023,0,0,0
I,90,3,1,2023,0,0,0
I,91,3,1,2023,0,0,0
I,92,3,1,2023,0,0,0
I,93,3,1,2023,0,0,0
I,94,3,1,2023,0,0,0
I,95,3,1,2023,0,0,0
I,96,3,1,2023,0,0,0
I,97,3,1,2023,0,0,0
I,98,3,1,2023,0,0,0
I,99,3,1,2023,0,0,0
I,100,3,1,2023,0,0,0
I,101,3,1,2023,0,0,0
R,1,1,1,2023,1,0,4
R,2,1,1,2023,5,1,8
R,3,1,1,2023,6,2,9
R,4,1,1,2023,14,6,20
R,5,1,1,2023,24,16,37
R,6,1,1,2023,34,22,53
R,7,1,1,2023,45,26,63
R,8,1,1,2023,52,35,68
R,9,1,1,2023,65,50,73
R,10,1,1,2023,80,56,102
R,11,1,1,2023,98,73,118
R,12,1,1,2023,109,88,133
R,13,1,1,2023,124,95,148
R,14,1,1,2023,132,82,164
R,15,1,1,2023,151,102,175
R,16,1,1,2023,158,123,193
R,17,1,1,2023,161,139,204
R,18,1,1,2023,171.5,144,218
R,19,1,1,2023,191.5,158,237
R,20,1,1,2023,202,163,261
R,21,1,1,2023,225,180,270
R,22,1,1,2023,251,211,312
R,23,1,1,2023,305,260,393
R,24,1,1,2023,399,317,493
R,25,1,1,2023,564,432,697
R,26,1,1,2023,827,647,1005
R,27,1,1,2023,1204,966,1426
R,28,1,1,2023,1728.5,1426,2038
R,29,1,1,2023,2542,2153,2967
R,30,1,1,2023,3671.5,3149,4272
R,31,1,1,2023,5302.5,4536,6168
R,32,1,1,2023,7546.5,6523,8851
R,33,1,1,2023,10752,9295,12517
R,34,1,1,2023,15048.5,13000,17445
R,35,1,1,2023,20546,17904,23540
R,36,1,1,2023,27612.5,24371,31305
R,37,1,1,2023,36391,32212,40856
R,38,1,1,2023,47191,42270,52704
R,39,1,1,2023,60547,54248,67017
R,40,1,1,2023,75832,68662,83586
R,41,1,1,2023,93405,85108,101846
R,42,1,1,2023,112817.5,103565,122692
R,43,1,1,2023,134760.5,124000,145930
R,44,1,1,2023,158480.5,147228,170373
R,45,1,1,2023,184749,172205,197276
R,46,1,1,2023,212056,199282,225457
R,47,1,1,2023,240459,226522,254571
R,48,1,1,2023,270366,256328,284654
R,49,1,1,2023,300673,286000,315522
R,50,1,1,2023,331127.5,316254,345543
R,51,1,1,2023,361230.5,346478,376092
R,52,1,1,2023,391774,376759,406733
R,53,1,1,2023,421279,406604,435586
R,54,1,1,2023,450194,435662,463902
R,55,1,1,2023,477871,464018,491364
R,56,1,1,2023,503714.5,490591,516096
R,57,1,1,2023,528560.5,516055,539957
R,58,1,1,2023,551278,539923,562490
R,59,1,1,2023,572298.5,561503,582498
R,60,1,1,2023,589930.5,580779,599022
R,61,1,1,2023,605334.5,596292,613917
R,62,1,1,2023,617129.5,609901,626344
R,63,1,1,2023,627530,621517,634832
R,64,1,1,2023,634595.5,629148,640446
R,65,1,1,2023,639653.5,634259,644402
R,66,1,1,2023,642287.5,637591,646670
R,67,1,1,2023,643754,640376,647963
R,68,1,1,2023,643042,639281,645937
R,69,1,1,2023,638424.5,635535,641744
R,70,1,1,2023,632727.5,628161,635471
R,71,1,1,2023,624767,619647,628966
R,72,1,1,2023,615357.5,609357,620050
R,73,1,1,2023,604328,597457,610719
R,74,1,1,2023,591307.5,584391,598206
R,75,1,1,2023,577551,569587,585156
R,76,1,1,2023,560190,551868,568934
R,77,1,1,2023,541897,532404,551602
R,78,1,1,2023,522106,511601,531865
R,79,1,1,2023,499800,489021,510253
R,80,1,1,2023,475840.5,463826,487088
R,81,1,1,2023,449374,437192,461879
R,82,1,1,2023,422958,409171,435990
R,83,1,1,2023,394377,379917,408366
R,84,1,1,2023,365757,351509,380295
R,85,1,1,2023,336317,321850,350957
R,86,1,1,2023,306392,292149,321032
R,87,1,1,2023,276111.5,262007,290409
R,88,1,1,2023,247139.5,232824,261438
R,89,1,1,2023,217750.5,203773,231765
R,90,1,1,2023,189191,176023,203230
R,91,1,1,2023,161995,149388,175497
R,92,1,1,2023,136545.5,124611,148911
R,93,1,1,2023,112754,101982,124127
R,94,1,1,2023,91624,81968,101795
R,95,1,1,2023,72842.5,64211,81703
R,96,1,1,2023,56489,49225,64581
R,97,1,1,2023,42979,37061,49688
R,98,1,1,2023,32112.5,27250,37441
R,99,1,1,2023,23417,19619,27753
R,100,1,1,2023,16764.5,13821,20198
R,101,1,1,2023,34155,26928,42825
R,1,2,1,2023,0,0,0
R,2,2,1,2023,0,0,0
R,3,2,1,2023,0,0,0
R,4,2,1,2023,0,0,0
R,5,2,1,2023,0,0,0
R,6,2,1,2023,0,0,0
R,7,2,1,2023,0,0,0
R,8,2,1,2023,0,0,0
R,9,2,1,2023,0,0,0
R,10,2,1,2023,0,0,0
R,11,2,1,2023,0,0,0
R,12,2,1,2023,0,0,0
R,13,2,1,2023,0,0,0
R,14,2,1,2023,0,0,0
R,15,2,1,2023,0,0,0
R,16,2,1,2023,0,0,0
R,17,2,1,2023,0,0,0
R,18,2,1,2023,0,0,1
R,19,2,1,2023,0,0,2
R,20,2,1,2023,0,0,1
R,21,2,1,2023,0,0,4
R,22,2,1,2023,0,0,5
R,23,2,1,2023,0,0,4
R,24,2,1,2023,1,0,4
R,25,2,1,2023,3,2,7
R,26,2,1,2023,5,1,13
R,27,2,1,2023,10,3,13
R,28,2,1,2023,17,9,31
R,29,2,1,2023,38,22,63
R,30,2,1,2023,65,48,98
R,31,2,1,2023,105,75,146
R,32,2,1,2023,159,119,212
R,33,2,1,2023,253,175,326
R,34,2,1,2023,356.5,271,436
R,35,2,1,2023,539,449,649
R,36,2,1,2023,802.5,659,951
R,37,2,1,2023,1133.5,933,1361
R,38,2,1,2023,1530,1299,1805
R,39,2,1,2023,2033.5,1720,2416
R,40,2,1,2023,2688.5,2387,3042
R,41,2,1,2023,3457.5,3076,3815
R,42,2,1,2023,4303,3873,4818
R,43,2,1,2023,5286,4789,5833
R,44,2,1,2023,6325,5737,6970
R,45,2,1,2023,7377,6680,8076
R,46,2,1,2023,8573,7747,9323
R,47,2,1,2023,9684.5,9003,10480
R,48,2,1,2023,10694,9861,11461
R,49,2,1,2023,11615,10842,12298
R,50,2,1,2023,12593.5,11792,13176
R,51,2,1,2023,13454,12628,14075
R,52,2,1,2023,14136.5,13415,14701
R,53,2,1,2023,14623,14110,15149
R,54,2,1,2023,15118.5,14493,15605
R,55,2,1,2023,15163,14827,15715
R,56,2,1,2023,15167,14832,15752
R,57,2,1,2023,15062,14615,15340
R,58,2,1,2023,14639,14228,15096
R,59,2,1,2023,14145.5,13607,14775
R,60,2,1,2023,13408.5,12981,14414
R,61,2,1,2023,12709.5,12303,13671
R,62,2,1,2023,12147,11749,13164
R,63,2,1,2023,11461.5,11032,12456
R,64,2,1,2023,10629,10025,11598
R,65,2,1,2023,9942,9035,10706
R,66,2,1,2023,9106.5,8316,9911
R,67,2,1,2023,8396.5,7689,8978
R,68,2,1,2023,7637,7066,8331
R,69,2,1,2023,6992.5,6355,7647
R,70,2,1,2023,6292,5774,6842
R,71,2,1,2023,5685,5300,6278
R,72,2,1,2023,5047,4664,5776
R,73,2,1,2023,4494.5,4236,5070
R,74,2,1,2023,4024.5,3747,4411
R,75,2,1,2023,3523.5,3253,3940
R,76,2,1,2023,3082,2870,3467
R,77,2,1,2023,2699.5,2412,2935
R,78,2,1,2023,2295.5,2057,2587
R,79,2,1,2023,1915,1752,2171
R,80,2,1,2023,1615,1410,1825
R,81,2,1,2023,1273,1049,1481
R,82,2,1,2023,1033.5,889,1179
R,83,2,1,2023,805.5,692,906
R,84,2,1,2023,644.5,561,779
R,85,2,1,2023,535,475,623
R,86,2,1,2023,430.5,365,511
R,87,2,1,2023,340,258,408
R,88,2,1,2023,246,193,339
R,89,2,1,2023,165,121,240
R,90,2,1,2023,118.5,90,158
R,91,2,1,2023,87,57,115
R,92,2,1,2023,57.5,33,100
R,93,2,1,2023,42,27,72
R,94,2,1,2023,33,18,54
R,95,2,1,2023,17,11,37
R,96,2,1,2023,11,3,23
R,97,2,1,2023,8,2,19
R,98,2,1,2023,4,0,11
R,99,2,1,2023,3,0,7
R,100,2,1,2023,1,0,4
R,101,2,1,2023,0,0,7
R,1,3,1,2023,0,0,0
R,2,3,1,2023,0,0,0
R,3,3,1,2023,0,0,0
R,4,3,1,2023,0,0,0
R,5,3,1,2023,0,0,0
R,6,3,1,2023,0,0,0
R,7,3,1,2023,0,0,0
R,8,3,1,2023,0,0,0
R,9,3,1,2023,0,0,0
R,10,3,1,2023,0,0,0
R,11,3,1,2023,0,0,0
R,12,3,1,2023,0,0,0
R,13,3,1,2023,0,0,0
R,14,3,1,2023,0,0,0
R,15,3,1,2023,0,0,0
R,16,3,1,2023,0,0,0
R,17,3,1,2023,0,0,0
R,18,3,1,2023,0,0,0
R,19,3,1,2023,0,0,0
R,20,3,1,2023,0,0,0
R,21,3,1,2023,0,0,0
R,22,3,1,2023,0,0,0
R,23,3,1,2023,0,0,0
R,24,3,1,2023,0,0,0
R,25,3,1,2023,0,0,0
R,26,3,1,2023,0,0,1
R,27,3,1,2023,1,0,1
R,28,3,1,2023,1,0,5
R,29,3,1,2023,6,1,11
R,30,3,1,2023,12,6,29
R,31,3,1,2023,20,11,38
R,32,3,1,2023,36,24,54
R,33,3,1,2023,60,31,89
R,34,3,1,2023,105,50,134
R,35,3,1,2023,144.5,89,190
R,36,3,1,2023,209.5,138,255
R,37,3,1,2023,267,203,358
R,38,3,1,2023,382,302,479
R,39,3,1,2023,515.5,420,626
R,40,3,1,2023,677,571,819
R,41,3,1,2023,888.5,716,1006
R,42,3,1,2023,1084.5,933,1267
R,43,3,1,2023,1320,1121,1536
R,44,3,1,2023,1602.5,1338,1835
R,45,3,1,2023,1859,1660,2162
R,46,3,1,2023,2149.5,1853,2436
R,47,3,1,2023,2411.5,2120,2758
R,48,3,1,2023,2669,2440,2984
R,49,3,1,2023,2878.5,2601,3141
R,50,3,1,2023,3018.5,2745,3258
R,51,3,1,2023,3229,2959,3472
R,52,3,1,2023,3356,3215,3508
R,53,3,1,2023,3517,3326,3659
R,54,3,1,2023,3495,3357,3624
R,55,3,1,2023,3479.5,3333,3596
R,56,3,1,2023,3386,3198,3500
R,57,3,1,2023,3312.5,3115,3479
R,58,3,1,2023,3148,2918,3356
R,59,3,1,2023,2956,2868,3172
R,60,3,1,2023,2806,2526,3007
R,61,3,1,2023,2635,2379,2897
R,62,3,1,2023,2420.5,2234,2731
R,63,3,1,2023,2242.5,2140,2469
R,64,3,1,2023,2056,1843,2135
R,65,3,1,2023,1832.5,1665,1966
R,66,3,1,2023,1629,1534,1757
R,67,3,1,2023,1477,1370,1562
R,68,3,1,2023,1336,1252,1456
R,69,3,1,2023,1201,1104,1284
R,70,3,1,2023,1077,1002,1137
R,71,3,1,2023,998,927,1042
R,72,3,1,2023,881,816,934
R,73,3,1,2023,755.5,666,820
R,74,3,1,2023,666,566,725
R,75,3,1,2023,593,506,654
R,76,3,1,2023,495,418,547
R,77,3,1,2023,410,344,511
R,78,3,1,2023,364.5,266,404
R,79,3,1,2023,295.5,201,333
R,80,3,1,2023,255,175,338
R,81,3,1,2023,195.5,142,279
R,82,3,1,2023,168,130,234
R,83,3,1,2023,124,107,182
R,84,3,1,2023,101,74,145
R,85,3,1,2023,79.5,58,103
R,86,3,1,2023,65,50,92
R,87,3,1,2023,48,36,57
R,88,3,1,2023,35,23,43
R,89,3,1,2023,27,17,36
R,90,3,1,2023,17,13,32
R,91,3,1,2023,12,3,28
R,92,3,1,2023,8,2,21
R,93,3,1,2023,3,0,8
R,94,3,1,2023,2,0,6
R,95,3,1,2023,2,0,3
R,96,3,1,2023,0,0,2
R,97,3,1,2023,0,0,1
R,98,3,1,2023,0,0,1
R,99,3,1,2023,0,0,1
R,100,3,1,2023,0,0,0
R,101,3,1,2023,0,0,1
Is,1,1,1,2023,0,0,0
Is,2,1,1,2023,0,0,0
Is,3,1,1,2023,0,0,0
Is,4,1,1,2023,0,0,0
Is,5,1,1,2023,0,0,0
Is,6,1,1,2023,0,0,0
Is,7,1,1,2023,0,0,0
Is,8,1,1,2023,0,0,0
Is,9,1,1,2023,0,0,0
Is,10,1,1,2023,0,0,0
Is,11,1,1,2023,0,0,0
Is,12,1,1,2023,0,0,0
Is,13,1,1,2023,0,0,0
Is,14,1,1,2023,0,0,0
Is,15,1,1,2023,0,0,0
Is,16,1,1,2023,0,0,0
Is,17,1,1,2023,0,0,0
Is,18,1,1,2023,0,0,0
Is,19,1,1,2023,0,0,0
Is,20,1,1,2023,0,0,0
Is,21,1,1,2023,0,0,0
Is,22,1,1,2023,0,0,0
Is,23,1,1,2023,0,0,0
Is,24,1,1,2023,0,0,0
Is,25,1,1,2023,0,0,0
Is,26,1,1,2023,0,0,0
Is,27,1,1,2023,0,0,0
Is,28,1,1,2023,0,0,0
Is,29,1,1,2023,0,0,0
Is,30,1,1,2023,0,0,0
Is,31,1,1,2023,0,0,0
Is,32,1,1,2023,0,0,0
Is,33,1,1,2023,0,0,0
Is,34,1,1,2023,0,0,0
Is,35,1,1,2023,0,0,0
Is,36,1,1,2023,0,0,0
Is,37,1,1,2023,0,0,0
Is,38,1,1,2023,0,0,0
Is,39,1,1,2023,0,0,0
Is,40,1,1,2023,0,0,0
Is,41,1,1,2023,0,0,0
Is,42,1,1,2023,0,0,0
Is,43,1,1,2023,0,0,0
Is,44,1,1,2023,0,0,0
Is,45,1,1,2023,0,0,0
Is,46,1,1,2023,0,0,0
Is,47,1,1,2023,0,0,0
Is,48,1,1,2023,0,0,0
Is,49,1,1,2023,0,0,0
Is,50,1,1,2023,0,0,0
Is,51,1,1,2023,0,0,0
Is,52,1,1,2023,0,0,0
Is,53,1,1,2023,0,0,0
Is,54,1,1,2023,0,0,0
Is,55,1,1,2023,0,0,0
Is,56,1,1,2023,0,0,0
Is,57,1,1,2023,0,0,0
Is,58,1,1,2023,0,0,0
Is,59,1,1,2023,0,0,0
Is,60,1,1,2023,0,0,0
Is,61,1,1,2023,0,0,0
Is,62,1,1,2023,0,0,0
Is,63,1,1,2023,0,0,0
Is,64,1,1,2023,0,0,0
Is,65,1,1,2023,0,0,0
Is,66,1,1,2023,0,0,0
Is,67,1,1,2023,0,0,0
Is,68,1,1,2023,0,0,0
Is,69,1,1,2023,0,0,0
Is,70,1,1,2023,0,0,0
Is,71,1,1,2023,0,0,0
Is,72,1,1,2023,0,0,0
Is,73,1,1,2023,0,0,0
Is,74,1,1,2023,0,0,0
Is,75,1,1,2023,0,0,0
Is,76,1,1,2023,0,0,0
Is,77,1,1,2023,0,0,0
Is,78,1,1,2023,0,0,0
Is,79,1,1,2023,0,0,0
Is,80,1,1,2023,0,0,0
Is,81,1,1,2023,0,0,0
Is,82,1,1,2023,0,0,0
Is,83,1,1,2023,0,0,0
Is,84,1,1,2023,0,0,0
Is,85,1,1,2023,0,0,0
Is,86,1,1,2023,0,0,0
Is,87,1,1,2023,0,0,0
Is,88,1,1,2023,0,0,0
Is,89,1,1,2023,0,0,0
Is,90,1,1,2023,0,0,0
Is,91,1,1,2023,0,0,0
Is,92,1,1,2023,0,0,0
Is,93,1,1,2023,0,0,0
Is,94,1,1,2023,0,0,0
Is,95,1,1,2023,0,0,0
Is,96,1,1,2023,0,0,0
Is,97,1,1,2023,0,0,0
Is,98,1,1,2023,0,0,0
Is,99,1,1,2023,0,0,0
Is,100,1,1,2023,0,0,0
Is,101,1,1,2023,0,0,0
Is,1,2,1,2023,0,0,0
Is,2,2,1,2023,0,0,0
Is,3,2,1,2023,0,0,0
Is,4,2,1,2023,0,0,0
Is,5,2,1,2023,0,0,0
Is,6,2,1,2023,0,0,0
Is,7,2,1,2023,0,0,0
Is,8,2,1,2023,0,0,0
Is,9,2,1,2023,0,0,0
Is,10,2,1,2023,0,0,0
Is,11,2,1,2023,0,0,0
Is,12,2,1,2023,0,0,0
Is,13,2,1,2023,0,0,0
Is,14,2,1,2023,0,0,0
Is,15,2,1,2023,0,0,0
Is,16,2,1,2023,0,0,0
Is,17,2,1,2023,0,0,0
Is,18,2,1,2023,0,0,0
Is,19,2,1,2023,0,0,0
Is,20,2,1,2023,0,0,0
Is,21,2,1,2023,0,0,0
Is,22,2,1,2023,0,0,0
Is,23,2,1,2023,0,0,0
Is,24,2,1,2023,0,0,0
Is,25,2,1,2023,0,0,0
Is,26,2,1,2023,0,0,0
Is,27,2,1,2023,0,0,0
Is,28,2,1,2023,0,0,0
Is,29,2,1,2023,0,0,0
Is,30,2,1,2023,0,0,0
Is,31,2,1,2023,0,0,0
Is,32,2,1,2023,0,0,0
Is,33,2,1,2023,0,0,0
Is,34,2,1,2023,0,0,0
Is,35,2,1,2023,0,0,0
Is,36,2,1,2023,0,0,0
Is,37,2,1,2023,0,0,0
Is,38,2,1,2023,0,0,0
Is,39,2,1,2023,0,0,0
Is,40,2,1,2023,0,0,0
Is,41,2,1,2023,0,0,0
Is,42,2,1,2023,0,0,0
Is,43,2,1,2023,0,0,0
Is,44,2,1,2023,0,0,0
Is,45,2,1,2023,0,0,0
Is,46,2,1,2023,0,0,0
Is,47,2,1,2023,0,0,0
Is,48,2,1,2023,0,0,0
Is,49,2,1,2023,0,0,0
Is,50,2,1,2023,0,0,0
Is,51,2,1,2023,0,0,0
Is,52,2,1,2023,0,0,0
Is,53,2,1,2023,0,0,0
Is,54,2,1,2023,0,0,0
Is,55,2,1,2023,0,0,0
Is,56,2,1,2023,0,0,0
Is,57,2,1,2023,0,0,0
Is,58,2,1,2023,0,0,0
Is,59,2,1,2023,0,0,0
Is,60,2,1,2023,0,0,0
Is,61,2,1,2023,0,0,0
Is,62,2,1,2023,0,0,0
Is,63,2,1,2023,0,0,0
Is,64,2,1,2023,0,0,0
Is,65,2,1,2023,0,0,0
Is,66,2,1,2023,0,0,0
Is,67,2,1,2023,0,0,0
Is,68,2,1,2023,0,0,0
Is,69,2,1,2023,0,0,0
Is,70,2,1,2023,0,0,0
Is,71,2,1,2023,0,0,0
Is,72,2,1,2023,0,0,0
Is,73,2,1,2023,0,0,0
Is,74,2,1,2023,0,0,0
Is,75,2,1,2023,0,0,0
Is,76,2,1,2023,0,0,0
Is,77,2,1,2023,0,0,0
Is,78,2,1,2023,0,0,0
Is,79,2,1,2023,0,0,0
Is,80,2,1,2023,0,0,0
Is,81,2,1,2023,0,0,0
Is,82,2,1,2023,0,0,0
Is,83,2,1,2023,0,0,0
Is,84,2,1,2023,0,0,0
Is,85,2,1,2023,0,0,0
Is,86,2,1,2023,0,0,0
Is,87,2,1,2023,0,0,0
Is,88,2,1,2023,0,0,0
Is,89,2,1,2023,0,0,0
Is,90,2,1,2023,0,0,0
Is,91,2,1,2023,0,0,0
Is,92,2,1,2023,0,0,0
Is,93,2,1,2023,0,0,0
Is,94,2,1,2023,0,0,0
Is,95,2,1,2023,0,0,0
Is,96,2,1,2023,0,0,0
Is,97,2,1,2023,0,0,0
Is,98,2,1,2023,0,0,0
Is,99,2,1,2023,0,0,0
Is,100,2,1,2023,0,0,0
Is,101,2,1,2023,0,0,0
Is,1,3,1,2023,0,0,0
Is,2,3,1,2023,0,0,0
Is,3,3,1,2023,0,0,0
Is,4,3,1,2023,0,0,0
Is,5,3,1,2023,0,0,0
Is,6,3,1,2023,0,0,0
Is,7,3,1,2023,0,0,0
Is,8,3,1,2023,0,0,0
Is,9,3,1,2023,0,0,0
Is,10,3,1,2023,0,0,0
Is,11,3,1,2023,0,0,0
Is,12,3,1,2023,0,0,0
Is,13,3,1,2023,0,0,0
Is,14,3,1,2023,0,0,0
Is,15,3,1,2023,0,0,0
Is,16,3,1,2023,0,0,0
Is,17,3,1,2023,0,0,0
Is,18,3,1,2023,0,0,0
Is,19,3,1,2023,0,0,0
Is,20,3,1,2023,0,0,0
Is,21,3,1,2023,0,0,0
Is,22,3,1,2023,0,0,0
Is,23,3,1,2023,0,0,0
Is,24,3,1,2023,0,0,0
Is,25,3,1,2023,0,0,0
Is,26,3,1,2023,0,0,0
Is,27,3,1,2023,0,0,0
Is,28,3,1,2023,0,0,0
Is,29,3,1,2023,0,0,0
Is,30,3,1,2023,0,0,0
Is,31,3,1,2023,0,0,0
Is,32,3,1,2023,0,0,0
Is,33,3,1,2023,0,0,0
Is,34,3,1,2023,0,0,0
Is,35,3,1,2023,0,0,0
Is,36,3,1,2023,0,0,0
Is,37,3,1,2023,0,0,0
Is,38,3,1,2023,0,0,0
Is,39,3,1,2023,0,0,0
Is,40,3,1,2023,0,0,0
Is,41,3,1,2023,0,0,0
Is,42,3,1,2023,0,0,0
Is,43,3,1,2023,0,0,0
Is,44,3,1,2023,0,0,0
Is,45,3,1,2023,0,0,0
Is,46,3,1,2023,0,0,0
Is,47,3,1,2023,0,0,0
Is,48,3,1,2023,0,0,0
Is,49,3,1,2023,0,0,0
Is,50,3,1,2023,0,0,0
Is,51,3,1,2023,0,0,0
Is,52,3,1,2023,0,0,0
Is,53,3,1,2023,0,0,0
Is,54,3,1,2023,0,0,0
Is,55,3,1,2023,0,0,0
Is,56,3,1,2023,0,0,0
Is,57,3,1,2023,0,0,0
Is,58,3,1,2023,0,0,0
Is,59,3,1,2023,0,0,0
Is,60,3,1,2023,0,0,0
Is,61,3,1,2023,0,0,0
Is,62,3,1,2023,0,0,0
Is,63,3,1,2023,0,0,0
Is,64,3,1,2023,0,0,0
Is,65,3,1,2023,0,0,0
Is,66,3,1,2023,0,0,0
Is,67,3,1,2023,0,0,0
Is,68,3,1,2023,0,0,0
Is,69,3,1,2023,0,0,0
Is,70,3,1,2023,0,0,0
Is,71,3,1,2023,0,0,0
Is,72,3,1,2023,0,0,0
Is,73,3,1,2023,0,0,0
Is,74,3,1,2023,0,0,0
Is,75,3,1,2023,0,0,0
Is,76,3,1,2023,0,0,0
Is,77,3,1,2023,0,0,0
Is,78,3,1,2023,0,0,0
Is,79,3,1,2023,0,0,0
Is,80,3,1,2023,0,0,0
Is,81,3,1,2023,0,0,0
Is,82,3,1,2023,0,0,0
Is,83,3,1,2023,0,0,0
Is,84,3,1,2023,0,0,0
Is,85,3,1,2023,0,0,0
Is,86,3,1,2023,0,0,0
Is,87,3,1,2023,0,0,0
Is,88,3,1,2023,0,0,0
Is,89,3,1,2023,0,0,0
Is,90,3,1,2023,0,0,0
Is,91,3,1,2023,0,0,0
Is,92,3,1,2023,0,0,0
Is,93,3,1,2023,0,0,0
Is,94,3,1,2023,0,0,0
Is,95,3,1,2023,0,0,0
Is,96,3,1,2023,0,0,0
Is,97,3,1,2023,0,0,0
Is,98,3,1,2023,0,0,0
Is,99,3,1,2023,0,0,0
Is,100,3,1,2023,0,0,0
Is,101,3,1,2023,0,0,0
Rc,1,1,1,2023,0,0,0
Rc,2,1,1,2023,0,0,0
Rc,3,1,1,2023,0,0,0
Rc,4,1,1,2023,0,0,0
Rc,5,1,1,2023,0,0,0
Rc,6,1,1,2023,0,0,0
Rc,7,1,1,2023,0,0,0
Rc,8,1,1,2023,0,0,0
Rc,9,1,1,2023,0,0,0
Rc,10,1,1,2023,0,0,0
Rc,11,1,1,2023,0,0,0
Rc,12,1,1,2023,0,0,0
Rc,13,1,1,2023,0,0,0
Rc,14,1,1,2023,0,0,0
Rc,15,1,1,2023,0,0,0
Rc,16,1,1,2023,0,0,0
Rc,17,1,1,2023,0,0,0
Rc,18,1,1,2023,0,0,0
Rc,19,1,1,2023,0,0,0
Rc,20,1,1,2023,0,0,0
Rc,21,1,1,2023,0,0,0
Rc,22,1,1,2023,0,0,0
Rc,23,1,1,2023,0,0,0
Rc,24,1,1,2023,0,0,0
Rc,25,1,1,2023,0,0,0
Rc,26,1,1,2023,0,0,0
Rc,27,1,1,2023,0,0,0
Rc,28,1,1,2023,0,0,0
Rc,29,1,1,2023,0,0,0
Rc,30,1,1,2023,0,0,0
Rc,31,1,1,2023,0,0,0
Rc,32,1,1,2023,0,0,0
Rc,33,1,1,2023,0,0,0
Rc,34,1,1,2023,0,0,0
Rc,35,1,1,2023,0,0,0
Rc,36,1,1,2023,0,0,0
Rc,37,1,1,2023,0,0,0
Rc,38,1,1,2023,0,0,0
Rc,39,1,1,2023,0,0,0
Rc,40,1,1,2023,0,0,0
Rc,41,1,1,2023,0,0,0
Rc,42,1,1,2023,0,0,0
Rc,43,1,1,2023,0,0,0
Rc,44,1,1,2023,0,0,0
Rc,45,1,1,2023,0,0,0
Rc,46,1,1,2023,0,0,0
Rc,47,1,1,2023,0,0,0
Rc,48,1,1,2023,0,0,0
Rc,49,1,1,2023,0,0,0
Rc,50,1,1,2023,0,0,0
Rc,51,1,1,2023,0,0,0
Rc,52,1,1,2023,0,0,0
Rc,53,1,1,2023,0,0,0
Rc,54,1,1,2023,0,0,0
Rc,55,1,1,2023,0,0,0
Rc,56,1,1,2023,0,0,0
Rc,57,1,1,2023,0,0,0
Rc,58,1,1,2023,0,0,0
Rc,59,1,1,2023,0,0,0
Rc,60,1,1,2023,0,0,0
Rc,61,1,1,2023,0,0,0
Rc,62,1,1,2023,0,0,0
Rc,63,1,1,2023,0,0,0
Rc,64,1,1,2023,0,0,0
Rc,65,1,1,2023,0,0,0
Rc,66,1,1,2023,0,0,0
Rc,67,1,1,2023,0,0,0
Rc,68,1,1,2023,0,0,0
Rc,69,1,1,2023,0,0,0
Rc,70,1,1,2023,0,0,0
Rc,71,1,1,2023,0,0,0
Rc,72,1,1,2023,0,0,0
Rc,73,1,1,2023,0,0,0
Rc,74,1,1,2023,0,0,0
Rc,75,1,1,2023,0,0,0
Rc,76,1,1,2023,0,0,0
Rc,77,1,1,2023,0,0,0
Rc,78,1,1,2023,0,0,0
Rc,79,1,1,2023,0,0,0
Rc,80,1,1,2023,0,0,0
Rc,81,1,1,2023,0,0,0
Rc,82,1,1,2023,0,0,0
Rc,83,1,1,2023,0,0,0
Rc,84,1,1,2023,0,0,0
Rc,85,1,1,2023,0,0,0
Rc,86,1,1,2023,0,0,0
Rc,87,1,1,2023,0,0,0
Rc,88,1,1,2023,0,0,0
Rc,89,1,1,2023,0,0,0
Rc,90,1,1,2023,0,0,0
Rc,91,1,1,2023,0,0,0
Rc,92,1,1,2023,0,0,0
Rc,93,1,1,2023,0,0,0
Rc,94,1,1,2023,0,0,0
Rc,95,1,1,2023,0,0,0
Rc,96,1,1,2023,0,0,0
Rc,97,1,1,2023,0,0,0
Rc,98,1,1,2023,0,0,0
Rc,99,1,1,2023,0,0,0
Rc,100,1,1,2023,0,0,0
Rc,101,1,1,2023,0,0,0
Rc,1,2,1,2023,0,0,0
Rc,2,2,1,2023,0,0,0
Rc,3,2,1,2023,0,0,0
Rc,4,2,1,2023,0,0,0
Rc,5,2,1,2023,0,0,0
Rc,6,2,1,2023,0,0,0
Rc,7,2,1,2023,0,0,0
Rc,8,2,1,2023,0,0,0
Rc,9,2,1,2023,0,0,0
Rc,10,2,1,2023,0,0,0
Rc,11,2,1,2023,0,0,0
Rc,12,2,1,2023,0,0,0
Rc,13,2,1,2023,0,0,0
Rc,14,2,1,2023,0,0,0
Rc,15,2,1,2023,0,0,0
Rc,16,2,1,2023,0,0,0
Rc,17,2,1,2023,0,0,0
Rc,18,2,1,2023,0,0,0
Rc,19,2,1,2023,0,0,0
Rc,20,2,1,2023,0,0,0
Rc,21,2,1,2023,0,0,0
Rc,22,2,1,2023,0,0,0
Rc,23,2,1,2023,0,0,0
Rc,24,2,1,2023,0,0,0
Rc,25,2,1,2023,0,0,0
Rc,26,2,1,2023,0,0,0
Rc,27,2,1,2023,0,0,0
Rc,28,2,1,2023,0,0,0
Rc,29,2,1,2023,0,0,0
Rc,30,2,1,2023,0,0,0
Rc,31,2,1,2023,0,0,0
Rc,32,2,1,2023,0,0,0
Rc,33,2,1,2023,0,0,0
Rc,34,2,1,2023,0,0,0
Rc,35,2,1,2023,0,0,0
Rc,36,2,1,2023,0,0,0
Rc,37,2,1,2023,0,0,0
Rc,38,2,1,2023,0,0,0
Rc,39,2,1,2023,0,0,0
Rc,40,2,1,2023,0,0,0
Rc,41,2,1,2023,0,0,0
Rc,42,2,1,2023,0,0,0
Rc,43,2,1,2023,0,0,0
Rc,44,2,1,2023,0,0,0
Rc,45,2,1,2023,0,0,0
Rc,46,2,1,2023,0,0,0
Rc,47,2,1,2023,0,0,0
Rc,48,2,1,2023,0,0,0
Rc,49,2,1,2023,0,0,0
Rc,50,2,1,2023,0,0,0
Rc,51,2,1,2023,0,0,0
Rc,52,2,1,2023,0,0,0
Rc,53,2,1,2023,0,0,0
Rc,54,2,1,2023,0,0,0
Rc,55,2,1,2023,0,0,0
Rc,56,2,1,2023,0,0,0
Rc,57,2,1,2023,0,0,0
Rc,58,2,1,2023,0,0,0
Rc,59,2,1,2023,0,0,0
Rc,60,2,1,2023,0,0,0
Rc,61,2,1,2023,0,0,0
Rc,62,2,1,2023,0,0,0
Rc,63,2,1,2023,0,0,0
Rc,64,2,1,2023,0,0,0
Rc,65,2,1,2023,0,0,0
Rc,66,2,1,2023,0,0,0
Rc,67,2,1,2023,0,0,0
Rc,68,2,1,2023,0,0,0
Rc,69,2,1,2023,0,0,0
Rc,70,2,1,2023,0,0,0
Rc,71,2,1,2023,0,0,0
Rc,72,2,1,2023,0,0,0
Rc,73,2,1,2023,0,0,0
Rc,74,2,1,2023,0,0,0
Rc,75,2,1,2023,0,0,0
Rc,76,2,1,2023,0,0,0
Rc,77,2,1,2023,0,0,0
Rc,78,2,1,2023,0,0,0
Rc,79,2,1,2023,0,0,0
Rc,80,2,1,2023,0,0,0
Rc,81,2,1,2023,0,0,0
Rc,82,2,1,2023,0,0,0
Rc,83,2,1,2023,0,0,0
Rc,84,2,1,2023,0,0,0
Rc,85,2,1,2023,0,0,0
Rc,86,2,1,2023,0,0,0
Rc,87,2,1,2023,0,0,0
Rc,88,2,1,2023,0,0,0
Rc,89,2,1,2023,0,0,0
Rc,90,2,1,2023,0,0,0
Rc,91,2,1,2023,0,0,0
Rc,92,2,1,2023,0,0,0
Rc,93,2,1,2023,0,0,0
Rc,94,2,1,2023,0,0,0
Rc,95,2,1,2023,0,0,0
Rc,96,2,1,2023,0,0,0
Rc,97,2,1,2023,0,0,0
Rc,98,2,1,2023,0,0,0
Rc,99,2,1,2023,0,0,0
Rc,100,2,1,2023,0,0,0
Rc,101,2,1,2023,0,0,0
Rc,1,3,1,2023,0,0,0
Rc,2,3,1,2023,0,0,0
Rc,3,3,1,2023,0,0,0
Rc,4,3,1,2023,0,0,0
Rc,5,3,1,2023,0,0,0
Rc,6,3,1,2023,0,0,0
Rc,7,3,1,2023,0,0,0
Rc,8,3,1,2023,0,0,0
Rc,9,3,1,2023,0,0,0
Rc,10,3,1,2023,0,0,0
Rc,11,3,1,2023,0,0,0
Rc,12,3,1,2023,0,0,0
Rc,13,3,1,2023,0,0,0
Rc,14,3,1,2023,0,0,0
Rc,15,3,1,2023,0,0,0
Rc,16,3,1,2023,0,0,0
Rc,17,3,1,2023,0,0,0
Rc,18,3,1,2023,0,0,0
Rc,19,3,1,2023,0,0,0
Rc,20,3,1,2023,0,0,0
Rc,21,3,1,2023,0,0,0
Rc,22,3,1,2023,0,0,0
Rc,23,3,1,2023,0,0,0
Rc,24,3,1,2023,0,0,0
Rc,25,3,1,2023,0,0,0
Rc,26,3,1,2023,0,0,0
Rc,27,3,1,2023,0,0,0
Rc,28,3,1,2023,0,0,0
Rc,29,3,1,2023,0,0,0
Rc,30,3,1,2023,0,0,0
Rc,31,3,1,2023,0,0,0
Rc,32,3,1,2023,0,0,0
Rc,33,3,1,2023,0,0,0
Rc,34,3,1,2023,0,0,0
Rc,35,3,1,2023,0,0,0
Rc,36,3,1,2023,0,0,0
Rc,37,3,1,2023,0,0,0
Rc,38,3,1,2023,0,0,0
Rc,39,3,1,2023,0,0,0
Rc,40,3,1,2023,0,0,0
Rc,41,3,1,2023,0,0,0
Rc,42,3,1,2023,0,0,0
Rc,43,3,1,2023,0,0,0
Rc,44,3,1,2023,0,0,0
Rc,45,3,1,2023,0,0,0
Rc,46,3,1,2023,0,0,0
Rc,47,3,1,2023,0,0,0
Rc,48,3,1,2023,0,0,0
Rc,49,3,1,2023,0,0,0
Rc,50,3,1,2023,0,0,0
Rc,51,3,1,2023,0,0,0
Rc,52,3,1,2023,0,0,0
Rc,53,3,1,2023,0,0,0
Rc,54,3,1,2023,0,0,0
Rc,55,3,1,2023,0,0,0
Rc,56,3,1,2023,0,0,0
Rc,57,3,1,2023,0,0,0
Rc,58,3,1,2023,0,0,0
Rc,59,3,1,2023,0,0,0
Rc,60,3,1,2023,0,0,0
Rc,61,3,1,2023,0,0,0
Rc,62,3,1,2023,0,0,0
Rc,63,3,1,2023,0,0,0
Rc,64,3,1,2023,0,0,0
Rc,65,3,1,2023,0,0,0
Rc,66,3,1,2023,0,0,0
Rc,67,3,1,2023,0,0,0
Rc,68,3,1,2023,0,0,0
Rc,69,3,1,2023,0,0,0
Rc,70,3,1,2023,0,0,0
Rc,71,3,1,2023,0,0,0
Rc,72,3,1,2023,0,0,0
Rc,73,3,1,2023,0,0,0
Rc,74,3,1,2023,0,0,0
Rc,75,3,1,2023,0,0,0
Rc,76,3,1,2023,0,0,0
Rc,77,3,1,2023,0,0,0
Rc,78,3,1,2023,0,0,0
Rc,79,3,1,2023,0,0,0
Rc,80,3,1,2023,0,0,0
Rc,81,3,1,2023,0,0,0
Rc,82,3,1,2023,0,0,0
Rc,83,3,1,2023,0,0,0
Rc,84,3,1,2023,0,0,0
Rc,85,3,1,2023,0,0,0
Rc,86,3,1,2023,0,0,0
Rc,87,3,1,2023,0,0,0
Rc,88,3,1,2023,0,0,0
Rc,89,3,1,2023,0,0,0
Rc,90,3,1,2023,0,0,0
Rc,91,3,1,2023,0,0,0
Rc,92,3,1,2023,0,0,0
Rc,93,3,1,2023,0,0,0
Rc,94,3,1,2023,0,0,0
Rc,95,3,1,2023,0,0,0
Rc,96,3,1,2023,0,0,0
Rc,97,3,1,2023,0,0,0
Rc,98,3,1,2023,0,0,0
Rc,99,3,1,2023,0,0,0
Rc,100,3,1,2023,0,0,0
Rc,101,3,1,2023,0,0,0
